0 0.00329525 -0.00960458 -0.00433889 2.05085 0.523266 1.82428 0
1 0.00219492 -0.00633808 0.00901114 2.89041 -2.32032 -10.8626 0
2 0.00966361 -0.00564796 -0.00230159 3.83322 -2.50333 0.519717 0
3 0.0117044 -0.00763567 0.00179136 0.616292 -1.67102 3.02365 0
4 -0.0141026 0.00583554 0.00825791 1.76889 -6.09276 2.74392 0
5 0.00231799 -0.0166245 0.00465535 0.979771 -1.73289 2.85107 0
6 0.0109048 -0.00423589 -0.0158989 0.260506 3.31762 -0.827492 0
7 -0.00194542 -0.0116188 -0.0163291 -4.21572 2.48523 1.41255 0
8 0.0113374 0.000421123 0.0180868 -0.802559 -2.16309 3.38762 0
9 -0.00377103 0.00327735 0.0220147 -1.00784 0.0427731 -4.16654 0
10 -0.0099721 -0.0106565 -0.022202 1.85756 1.06242 2.82493 0
11 -0.0092459 0.0170146 -0.0234961 -2.50142 0.918537 1.54582 0
12 -0.0113775 0.0251071 0.0181433 -3.04063 2.91624 1.32137 0
13 -0.000889645 -0.0116534 0.0340858 -2.2678 5.28004 -1.79749 0
14 -0.00265493 -0.0253117 0.0344638 2.44864 -1.12492 -0.999751 0
15 0.0269269 -0.0313781 0.011574 1.31826 -5.39971 -0.521154 0
16 0.00766941 -0.0227689 -0.0364274 1.52264 -2.47197 -5.28944 0
17 0.0420394 -0.0220932 -0.000329929 -1.66338 1.57229 -0.440899 0
18 0.0343853 0.0271901 0.0202851 -1.86461 1.79284 0.653059 0
19 0.0416428 0.0208353 0.0151233 2.38824 1.24202 -2.601 0
20 0.046756 0.00385528 0.0141689 1.1134 -0.967061 2.16341 0
21 -0.0161489 -0.0377973 0.0276962 -0.766808 -1.67277 -0.339601 0
22 -0.0474599 0.0159393 0.0105223 0.511871 -0.62912 2.34389 0
23 0.0197953 -0.0201972 -0.044847 0.117072 -1.41553 2.40454 0
24 0.0243444 -0.0411486 0.0248923 1.28752 -0.268412 -0.563838 0
25 -0.02338 0.00091334 0.0533698 2.06949 -2.55257 1.66875 0
26 0.0223484 -0.00740328 0.0537174 -2.94062 -1.92481 -1.36089 0
27 0.0251203 0.0363347 -0.0386461 0.704063 1.42289 -1.0691 0
28 0.0479678 -0.0290083 0.0177876 0.844884 0.0414501 0.27585 0
29 0.011582 -0.0403788 -0.0430488 -0.96889 1.07475 -1.60402 0
30 0.0225688 0.0106237 -0.0565677 -3.64924 -4.06369 -0.233779 0
31 -0.00929842 -0.0171976 0.0600289 0.0406819 1.48411 2.30509 0
32 0.0522237 -0.0353149 -0.00395857 -1.89202 -0.628215 -1.24514 0
33 -0.0127781 -0.0564865 -0.0286617 -1.92219 1.01872 -4.65653 0
34 0.0488764 0.0411087 0.0213024 -1.38121 4.1333 -0.443274 0
35 -0.00666816 0.0229793 -0.0637442 2.57241 -0.441719 0.894975 0
36 0.0496662 -0.0418054 0.0247994 0.252568 -0.810558 -0.891204 0
37 -0.0440032 0.0257904 -0.0474216 -1.78802 0.772665 0.508871 0
38 -0.0253717 -0.0362377 0.0542278 -0.0840182 0.287992 2.86689 0
39 -0.0332627 0.0608878 0.00974147 -1.55623 3.75573 0.818431 0
40 -0.0128235 -0.0654483 0.0279644 -0.510829 -4.52676 -2.4497 0
41 0.000750249 0.0197656 -0.0695956 0.906615 -1.9066 1.51102 0
42 -0.0469086 -0.000230406 0.0575688 -1.79392 0.834554 -2.62272 0
43 -0.0300544 0.0591717 -0.0373523 -3.3185 -2.02417 -0.436856 0
44 -0.0462073 -0.0598473 0.0104846 1.62185 0.388082 0.813453 0
45 -0.0260441 -0.0718028 0.00706241 0.540384 -0.893422 -2.43731 0
46 -0.0671324 0.00720126 -0.0374832 -0.155406 -3.00181 -0.632992 0
47 0.00920717 -0.0493665 0.0609262 -1.20306 -2.32904 2.57457 0
48 -0.0748625 0.0132543 -0.0240708 1.61609 0.355746 0.0329 0
49 -0.0092672 0.0820148 -0.00858172 1.51065 -0.596033 -1.05309 0
50 0.0433021 -0.0158378 -0.0701906 -0.561509 -1.53827 -0.941413 0
51 0.0853805 -0.00874845 0.00536573 0.37314 1.86381 3.03527 0
52 -0.0628915 -0.0387921 0.0447921 0.220068 1.52059 1.11345 0
53 0.0755144 0.0294598 -0.0314809 0.445685 -0.614688 1.40082 0
54 0.0489025 0.059165 -0.0466664 -1.44278 -3.07954 1.05366 0
55 0.0458552 0.0155849 -0.0761664 -0.482422 -1.74599 0.65612 0
56 0.0240774 -0.087143 0.000920554 -0.268988 0.239359 -2.78494 0
57 0.0131082 0.019258 0.0886226 1.22146 -0.218109 -1.74843 0
58 0.0671127 -0.062354 -0.0164812 -3.89506 0.524547 0.30076 0
59 -0.0472085 -0.0782545 -0.0225983 1.01107 0.412495 -1.13752 0
60 -0.0487894 -0.0501435 0.0692907 -0.969981 -3.30578 -2.60918 0
61 -0.0845077 -0.0105649 -0.0515948 -0.80101 1.84019 1.56509 0
62 0.0337492 0.0856254 0.0381041 -0.482064 1.06633 1.14285 0
63 0.0507493 0.0271811 -0.0813258 1.06592 0.840196 0.804614 0
64 -0.0932864 -0.0388104 -0.0112889 0.998212 -1.35649 1.43755 0
65 -0.0219541 -0.0770832 0.0637956 0.536748 -2.36932 0.140428 0
66 0.0856244 -0.0577106 -0.0237143 2.20322 0.565355 0.691109 0
67 0.00693533 0.094745 0.0498439 -0.700128 -2.3407 -1.60172 0
68 -0.101061 -0.0358363 0.0152961 1.19309 2.17079 -0.878446 0
69 0.0235681 0.0756174 -0.0751174 3.17825 -0.988868 0.539433 0
70 0.0423211 0.0864973 -0.0520214 -1.9093 1.30215 0.781964 0
71 0.0162568 -0.100213 -0.0427802 -1.92581 -0.288054 2.52986 0
72 -0.0896983 0.0324965 -0.0555565 0.666811 1.88913 0.186247 0
73 -0.00779884 -0.0646655 -0.0891409 -0.998728 -2.0644 2.81505 0
74 -0.110367 -0.012605 0.0216117 2.65613 2.48107 -0.727546 0
75 0.001751 0.0638777 0.099214 -2.47664 -2.64155 0.45782 0
76 0.0934015 -0.0724558 -0.000644397 -0.538095 -0.58584 -0.249924 0
77 -0.0035994 0.123834 -0.00147513 0.137416 -0.479081 -0.51076 0
78 -0.116653 -0.0174801 -0.0384234 0.112925 1.62014 1.60309 0
79 -0.101031 -0.0538033 -0.0528955 -1.81296 0.783803 -2.05011 0
80 0.0423127 -0.0642413 -0.100066 -2.12889 -0.950826 -0.0522162 0
81 -0.0964842 0.0618763 0.0530474 -1.69966 2.05774 0.856572 0
82 0.0400268 0.0570051 -0.108266 -1.71146 -0.0300368 -0.941804 0
83 0.000327448 -0.0630745 -0.113181 -1.82824 0.323686 -0.587841 0
84 -0.104582 -0.0711902 -0.02951 -1.31606 -1.50867 -1.16026 0
85 -0.104882 -0.0753034 -0.0251371 1.5005 -1.24625 -1.75867 0
86 -0.0675529 -0.0984024 0.0572304 -1.2697 -2.26555 0.233279 0
87 -0.0498365 0.103037 0.068306 0.669408 -1.0068 -0.054078 0
88 -0.104226 -0.0788447 0.0346907 0.988981 0.226684 0.427394 0
89 0.120803 -0.0642095 -0.0131681 1.23779 1.75794 1.40705 0
90 0.120884 -0.0107717 -0.0655859 1.7241 -1.37171 -0.397043 0
91 0.0107409 -0.125705 -0.0582375 0.452959 -0.793908 -0.040723 0
92 -0.0903082 0.0390433 -0.102122 -0.37268 0.259478 2.07948 0
93 -0.0159935 -0.145575 0.0159914 -0.751768 -2.80311 0.385824 0
94 -0.028702 0.125018 -0.0726418 -0.517891 -2.04855 -1.42372 0
95 -0.0798411 -0.10559 -0.0653109 1.57303 -2.65884 1.60844 0
96 -0.141466 0.0314119 0.0396633 -1.32708 -0.623018 -0.184356 0
97 0.0807858 -0.048068 -0.117932 0.697464 1.63832 0.192487 0
98 0.0754045 0.13129 -0.00625878 1.66495 0.0382617 1.26912 0
99 -0.0231866 -0.0857567 0.124 0.263286 0.538114 -0.323633 0
100 0.00587465 0.115107 0.102567 -1.08814 1.99186 0.318678 0
101 -0.105186 -0.0264753 0.110062 2.08744 1.59902 0.990115 0
102 -0.0601098 -0.14118 0.0253023 -1.08431 2.10823 -0.183953 0
103 0.1205 0.0525768 -0.0835141 -2.38792 -0.568112 1.53017 0
104 -0.049103 -0.132828 -0.0698425 2.0658 -2.26367 0.120316 0
105 0.135463 -0.0622325 -0.0553081 1.96989 0.714071 -1.10526 0
106 0.122095 0.0646955 -0.0787156 1.59113 -2.35753 -1.22445 0
107 -0.0438036 -0.137771 -0.0677618 -0.262828 1.13908 1.58387 0
108 -0.00395089 0.105293 -0.122543 -0.700823 -2.20248 -1.80358 0
109 0.138651 0.0692778 0.0457769 -2.7955 0.134991 0.887405 0
110 -0.0212841 0.029241 -0.157736 0.803167 0.341252 1.88451 0
111 0.0124682 0.158787 -0.0396051 0.079032 1.07967 0.568 0
112 0.020387 -0.116674 -0.11689 -2.03826 0.997072 -0.343574 0
113 0.0506861 -0.132887 -0.0864267 -1.40317 -1.67994 -0.900059 0
114 0.0579033 0.153701 0.031218 1.4344 0.26268 -1.39999 0
115 -0.107453 -0.127715 -0.0393732 1.27594 -0.459905 1.39801 0
116 -0.116975 0.125106 0.0103415 1.88384 -2.1161 -0.0242558 0
117 0.128701 0.0241044 0.114671 -1.01507 2.28454 2.15497 0
118 -0.0472733 -0.118285 0.119185 -0.3696 -1.81715 -0.119455 0
119 0.0578714 0.16564 -0.0031839 1.66913 0.688707 -1.3408 0
120 -0.0433571 0.142574 -0.0929391 0.396175 -2.74576 0.825591 0
121 0.000631121 -0.00991623 -0.177242 1.92979 2.0319 0.462751 0
122 -0.0361038 -0.160215 0.0705848 -0.094455 3.24963 -0.0387102 0
123 0.0649028 0.0725303 -0.150736 1.95382 0.131828 0.528496 0
124 0.00271949 -0.147193 -0.102921 0.0546236 1.57831 0.839407 0
125 0.0949989 -0.0952061 -0.119866 -0.528635 1.64654 1.96594 0
126 0.127178 -0.0245848 0.125343 0.566072 -0.99303 -2.86176 0
127 0.00123755 -0.0886951 0.157 1.31145 -2.06883 1.26103 0
128 0.13656 -0.108838 0.047369 -0.574749 -1.29021 -0.926442 0
129 -0.0379278 -0.177742 0.00551879 -2.60757 0.944689 -1.61506 0
130 -0.166832 0.0179634 -0.0757811 -2.31798 1.00358 -0.506651 0
131 0.078192 -0.119306 -0.116876 -1.31419 0.427977 -1.03047 0
132 0.171453 -0.0695355 0.0214055 1.70925 -1.45644 -0.874905 0
133 0.00895475 -0.0724039 -0.172925 -1.3725 -1.63129 -0.502911 0
134 -0.128684 0.0805103 0.111407 1.28798 1.47211 -0.228416 0
135 -0.11618 -0.147273 -0.0203917 -1.25407 -0.224653 0.9875 0
136 -0.0561553 -0.0438079 -0.176768 -0.501866 1.00792 1.92424 0
137 0.121569 -0.142896 -0.0398985 1.58623 -1.47805 -1.77355 0
138 0.115668 0.10559 -0.110947 1.28166 -1.16307 -1.80879 0
139 -0.0752705 0.136777 -0.111733 -0.96752 -1.7106 -1.42866 0
140 -0.10004 -0.161588 -0.0286532 0.931307 2.10855 -0.410232 0
141 -0.102799 -0.164663 0.00307749 0.379428 0.14199 2.36226 0
142 0.172246 0.0283836 0.0914971 -2.35339 -0.439769 0.763761 0
143 0.132737 0.111819 0.0934801 0.321353 0.444053 0.938514 0
144 0.180633 -0.080547 0.00425733 0.0784174 -0.262666 1.59372 0
145 0.0918058 -0.160516 -0.0721048 1.7657 -0.787351 0.0416156 0
146 -0.0221295 0.10764 0.165421 0.523697 0.887574 1.49066 0
147 -0.115555 0.0147228 0.170051 1.70074 -1.66583 -0.497306 0
148 0.0290288 -0.198122 -0.0565062 0.363244 0.575651 -1.11802 0
149 0.166786 -0.126478 0.00932317 0.24559 -1.31709 1.79801 0
150 0.107696 -0.159571 -0.0828775 -0.590426 1.64837 1.1748 0
151 -0.1808 0.0031619 0.107674 0.221294 -1.36389 0.962035 0
152 -0.0758618 0.086926 -0.176816 -0.737195 -1.18125 -1.61454 0
153 0.0412742 -0.20028 -0.0525852 0.628417 -1.29766 -1.04439 0
154 0.0242535 0.0791355 -0.194274 -1.25527 0.784124 -0.950614 0
155 -0.141657 -0.102204 0.121591 -0.668698 1.25998 -0.727959 0
156 0.162134 -0.00675323 -0.143944 -0.300602 -2.30328 1.05367 0
157 0.170884 -0.134176 -0.00167011 1.11884 -2.30727 -0.294702 0
158 -0.0379762 0.201966 -0.0841007 0.390402 1.86324 -1.11916 0
159 -0.211265 0.00224557 0.0688592 -0.392644 -1.6759 0.0302689 0
160 -0.0343639 -0.213969 -0.0581341 -0.668553 0.139998 0.066891 0
161 -0.0898049 -0.163958 -0.125943 -1.14288 -0.059537 1.99887 0
162 -0.0637345 -0.136758 -0.170088 1.57585 1.71666 -0.858086 0
163 0.0135372 -0.0898508 -0.208733 1.04181 1.16424 -2.41959 0
164 0.0581564 -0.0466859 -0.218561 0.834779 -2.34907 0.0293924 0
165 -0.0256723 0.154406 -0.170083 -0.880769 -0.213929 -1.0052 0
166 0.0578823 0.168181 -0.14903 -0.55728 -1.38353 0.662383 0
167 0.154532 -0.151474 -0.084002 -1.47754 -1.28063 0.972946 0
168 0.000923958 0.0335337 0.234038 0.931112 -0.992282 -0.702559 0
169 -0.0482305 -0.190778 -0.132589 1.29747 1.97888 -0.0226976 0
170 0.0341033 0.221825 -0.079817 1.7638 1.35927 1.74125 0
171 0.132336 0.132951 0.14768 -0.979908 1.12282 -2.28394 0
172 -0.209091 -0.0931459 -0.0687747 1.86383 1.30213 0.742328 0
173 -0.00132494 -0.204491 0.124499 0.22672 -1.26205 2.11458 0
174 0.233206 -0.0548167 -0.0101008 0.55879 -0.335797 -2.12203 0
175 0.209301 0.0780155 -0.0880999 -0.80692 -1.79134 -1.18113 0
176 -0.202892 -0.110949 0.0713713 -1.03065 0.710487 -0.451166 0
177 -0.0345997 0.0837149 0.224593 1.09724 -1.00975 -0.395188 0
178 -0.105386 -0.0526461 -0.213366 -2.10934 -1.08153 0.453721 0
179 0.22876 -0.0657403 -0.0603196 1.3237 0.189336 -1.70588 0
180 0.0139112 -0.211991 0.123587 1.06226 0.760283 -2.06327 0
181 0.107424 0.0535835 -0.214709 2.12504 -1.61146 0.118787 0
182 0.225263 -0.055341 -0.0835857 0.596668 0.178869 2.38319 0
183 0.138663 -0.171031 0.111812 1.69955 1.07915 -0.346707 0
184 0.105393 -0.164587 0.151314 -0.10871 0.470528 -0.92237 0
185 -0.201132 0.00447682 0.14384 1.53741 0.193442 1.17255 0
186 0.220636 -0.0709184 0.0930198 -1.20973 -1.00965 -1.4187 0
187 -0.0885204 0.154334 -0.175297 1.42847 1.32181 0.94769 0
188 -0.245139 -0.0244619 -0.0438055 0.911036 -0.80835 -0.210442 0
189 0.189632 -0.0417694 -0.161965 -1.34895 2.07436 -0.621267 0
190 0.0334279 -0.0362445 -0.248039 -0.326809 -0.590247 1.07476 0
191 -0.0863569 -0.193857 -0.139199 1.4126 -0.622201 0.62341 0
192 -0.0785172 -0.190048 0.150001 -1.2987 0.152067 0.401154 0
193 -0.0301227 -0.230808 0.105586 -1.4587 0.516438 1.08728 0
194 0.0715362 -0.088133 0.233412 -0.983281 -2.07138 0.594974 0
195 -0.221146 -0.0075768 0.139089 -1.65283 -0.828345 0.176799 0
196 0.0240987 -0.134147 0.224764 1.33543 -0.873252 -1.04972 0
197 -0.227515 0.139634 0.00173809 -2.27594 -0.688827 -0.751676 0
198 0.247886 0.031407 -0.0965608 -1.48584 0.473943 2.02175 0
199 0.0269076 -0.266931 -0.006337 1.5996 0.866091 0.589948 0
200 -0.0488981 0.262023 0.0314619 1.14246 -0.209548 -0.647168 0
201 -0.254323 -0.0892901 -0.00623011 -0.00218276 -0.434737 2.27576 0
202 0.175392 -0.133026 -0.155944 1.59425 0.331912 1.64594 0
203 -0.0935813 0.0842991 -0.240357 -0.697024 -0.322217 -1.58871 0
204 0.00575274 0.121682 0.242479 1.6285 0.814795 0.591421 0
205 0.239508 -0.0933659 0.0895617 -1.65029 1.15021 0.927018 0
206 0.189661 -0.157282 0.118118 1.27627 0.569372 -2.145 0
207 -0.157381 0.0113831 0.224513 -1.11993 1.1563 -0.599641 0
208 0.126579 0.22936 -0.0858058 1.08198 1.88389 -0.0898075 0
209 -0.114385 0.0837747 0.238849 -1.7065 -0.686317 0.326818 0
210 -0.00325907 -0.13064 0.2495 0.723517 -1.04195 1.94758 0
211 0.183755 -0.195133 -0.0867087 -0.258316 -1.51574 -1.17952 0
212 -0.19251 -0.0576175 -0.198012 0.658283 -1.77022 0.616879 0
213 0.141458 0.170359 -0.175882 1.50575 -1.3936 -0.708209 0
214 0.240333 -0.105858 0.106064 0.0209952 0.444089 0.884949 0
215 0.270858 0.0357671 0.0757218 -0.330852 -1.46819 0.646832 0
216 0.0091509 0.221289 0.17992 0.606714 0.978117 -1.39222 0
217 -0.149162 0.19164 -0.151716 0.197745 -1.11181 -0.186529 0
218 -0.0250606 0.0934887 0.271785 1.88543 -0.705292 0.758928 0
219 0.248049 0.118366 0.100018 1.29673 -1.01479 1.3119 0
220 -0.243621 0.0530406 0.15426 -0.89965 -0.785849 -0.3079 0
221 -0.268672 -0.108054 0.0514545 -0.1512 -0.819426 -1.95984 0
222 0.153002 -0.139333 -0.209426 1.62827 1.37406 -0.946616 0
223 -0.178365 0.158145 -0.173883 0.371702 1.71448 -0.419087 0
224 0.268605 -0.112021 -0.056969 0.0175144 -1.25526 2.22194 0
225 -0.260569 -0.116287 0.0811704 1.07107 -1.94995 0.516402 0
226 0.188808 -0.156604 -0.167701 1.37214 0.877776 -1.45076 0
227 -0.273548 0.0331052 0.124114 -0.843641 1.40326 1.2945 0
228 -0.0245606 -0.301936 0.0146562 0.785457 -0.233261 -1.27488 0
229 -0.195473 -0.197584 0.124222 -0.0217552 0.149774 1.2009 0
230 -0.0623004 0.101401 -0.281622 0.176165 0.295494 1.87306 0
231 0.270851 0.0793496 -0.123543 0.656093 1.09272 -0.515979 0
232 -0.0178093 0.248378 -0.181671 0.814363 -2.12718 0.238181 0
233 -0.223283 -0.170101 -0.127532 -0.251354 -1.17792 0.0365739 0
234 0.00424551 0.198829 -0.235698 0.422323 0.956169 -1.15409 0
235 -0.0891174 0.00834592 0.295981 0.464988 1.61224 1.74858 0
236 -0.0532168 -0.294763 0.0813454 0.171073 0.810344 -1.80952 0
237 -0.197419 -0.0295518 -0.239636 -2.10143 0.849869 -0.418878 0
238 0.233875 0.191646 0.0766543 -0.197024 1.41969 -1.54713 0
239 -0.169916 0.0279053 0.261201 0.215829 -0.275018 1.30564 0
240 0.102152 0.257693 -0.145743 -1.16059 -0.123238 -0.394367 0
241 -0.136618 0.175831 -0.220343 -0.208477 0.386286 -1.93688 0
242 -0.113886 -0.116015 0.267776 0.843123 -1.17684 -1.479 0
243 -0.0595843 -0.277718 -0.134183 0.261533 -1.77668 -1.16169 0
244 0.297647 -0.0531482 -0.0929822 2.03082 0.408164 0.754456 0
245 0.200327 -0.137953 -0.203362 1.57644 1.44566 -0.0730711 0
246 -0.0691728 -0.29719 0.0894543 -1.38155 1.81217 -0.2355 0
247 -0.158519 -0.146401 -0.23388 -1.43731 0.711278 1.0755 0
248 -0.28902 -0.0597623 0.124786 -0.239019 1.44099 -1.20912 0
249 0.0659723 -0.235878 -0.207236 -1.09178 1.08913 -1.13083 0
250 -0.188927 0.256382 -0.0505548 1.84102 0.182047 1.00062 0
251 -0.290744 0.130216 -0.0540939 -0.979645 -1.11026 0.224556 0
252 -0.00085415 0.0936791 0.309603 -1.64552 1.75991 0.145477 0
253 0.163471 -0.278556 -0.0205646 -0.494879 -0.903507 -0.694021 0
254 -0.189351 0.217948 0.146679 1.18688 -1.14954 -0.639375 0
255 0.182876 -0.225599 0.146158 -1.00138 0.367262 -0.347173 0
256 0.0239302 0.161345 -0.283043 -1.349 1.4228 -0.508762 0
257 0.00785937 -0.268379 -0.189404 -0.899139 -0.924093 1.27696 0
258 0.320863 0.0442521 0.0597056 -0.650144 1.1353 0.268194 0
259 0.209605 0.209268 -0.147232 0.364976 -0.847568 -0.337149 0
260 0.0306441 -0.29674 -0.149195 -1.96327 0.210599 -1.09619 0
261 0.28778 0.108892 0.132785 0.144826 -0.419154 -1.92901 0
262 0.1989 -0.2693 0.0228437 -0.335515 0.160024 2.14474 0
263 -0.281937 -0.170745 -0.0694141 -0.446186 1.12815 1.38043 0
264 -0.0423192 -0.314196 -0.114149 -1.25839 0.152293 0.570959 0
265 -0.00320914 -0.0740278 -0.328736 1.17248 0.464421 1.74958 0
266 -0.0606887 0.170927 -0.284855 1.65262 -0.072465 1.23953 0
267 -0.010746 -0.266064 0.208136 0.538987 0.937997 -1.76599 0
268 0.191852 -0.178768 -0.214508 -0.789639 0.903953 -1.90554 0
269 0.130333 0.313901 0.00196448 -0.908862 -0.329892 0.430177 0
270 0.0941539 0.262036 0.198392 -0.172775 1.03916 -1.14466 0
271 0.0960014 -0.0250658 0.327701 0.132666 1.09661 0.591297 0
272 -0.138475 0.313439 -0.0104237 0.914518 -1.48551 -0.527174 0
273 0.0357571 -0.311137 0.139532 0.48114 1.19365 -1.93263 0
274 -0.0846341 0.288292 -0.165542 0.141234 -0.644502 0.760465 0
275 0.31402 -0.112157 0.0817567 -0.864853 -2.01909 -0.359985 0
276 0.0279861 -0.287596 -0.189427 1.04958 0.16892 1.19377 0
277 0.0161474 0.330541 -0.109386 0.54195 -1.87925 -0.998784 0
278 -0.160879 0.230026 0.206927 1.35618 -0.581246 -1.00399 0
279 -0.176339 -0.128524 -0.272292 1.03044 0.678467 1.8299 0
280 -0.188187 -0.268873 -0.119243 -0.92405 -0.973449 -1.20937 0
281 0.24033 0.253048 0.0576298 1.65142 1.04979 -0.927138 0
282 0.270239 -0.115822 -0.200061 -1.12299 -1.88757 -0.0503079 0
283 0.203135 0.0284879 0.290857 -0.553935 -1.58384 -0.342171 0
284 -0.106173 0.235259 0.245682 1.37523 0.0682451 0.585526 0
285 0.35639 0.0213297 0.0255355 -1.82498 0.456809 0.197408 0
286 -0.207347 0.085173 -0.280011 0.0409638 -1.39882 -0.987189 0
287 0.257059 0.240117 -0.0704116 -0.513846 -1.39903 0.368008 0
288 0.0366312 0.352207 0.0675103 -0.214248 -0.982704 -0.612104 0
289 0.150925 -0.0428862 -0.325105 0.113978 1.93385 -0.82396 0
290 -0.243496 0.250675 0.0948966 0.837681 1.92149 0.530113 0
291 -0.324246 -0.152146 -0.0614785 -0.68283 -1.20821 -1.09204 0
292 -0.0820198 -0.332238 0.129895 1.84041 -0.285898 -0.98082 0
293 0.0585529 0.0219118 0.364541 -0.463826 -0.360177 1.7755 0
294 -0.340055 0.128542 0.0733744 -0.044112 -0.635477 -0.342948 0
295 0.332156 0.169653 -0.0336135 -1.74897 -0.231249 -0.0335502 0
296 0.288047 0.217672 -0.10183 1.73792 0.104014 0.124523 0
297 -0.171005 0.333321 0.0243233 -1.31631 0.400616 0.977322 0
298 -0.0752824 0.112254 0.35151 -1.79886 -0.0135807 0.925546 0
299 -0.356351 0.0523367 0.112657 -0.617602 0.332841 1.04439 0
300 -0.270123 0.168736 -0.204563 -1.08633 -0.754289 0.696951 0
301 0.147549 0.241815 0.252177 -0.193538 -1.07199 0.295835 0
302 -0.345786 0.139844 -0.0689255 1.26571 -1.12174 0.764109 0
303 0.13069 0.347525 0.0827538 0.145885 -0.971678 1.43442 0
304 0.264343 -0.266949 -0.060615 0.386391 1.2737 -1.12847 0
305 0.375477 0.0398923 -0.0592918 -1.02388 0.888538 0.762895 0
306 0.263781 -0.178672 0.211274 0.408075 -0.182453 -1.251 0
307 0.337583 -0.148048 -0.105291 -0.787631 0.141415 0.921214 0
308 0.0545295 -0.377281 -0.0557738 0.917329 0.907024 1.35552 0
309 0.257002 0.249772 0.143258 -1.53121 -1.07279 0.434453 0
310 0.275044 0.167719 -0.215675 -0.489409 1.61065 -0.980722 0
311 0.30151 0.0328826 -0.246604 1.19889 -1.47897 0.958176 0
312 -0.182931 -0.315664 0.144038 0.289441 -1.4305 -0.729169 0
313 -0.307837 -0.170158 0.189143 0.0910582 -0.470406 0.94633 0
314 -0.116167 -0.16254 0.347767 0.888119 -0.555815 -0.84309 0
315 -0.255088 0.188426 0.247071 -0.508174 1.15225 0.292922 0
316 0.165091 -0.367678 -0.0436199 0.500536 0.468708 1.25381 0
317 0.277227 0.226688 -0.192373 -0.281275 1.25291 0.829631 0
318 0.07463 -0.37511 0.14558 -1.62365 -0.472357 0.20723 0
319 0.412275 0.0273476 -0.0141493 1.06578 -0.0949689 -0.57824 0
320 -0.22129 0.340291 -0.101916 1.66022 0.370349 0.0547026 0
321 -0.289789 0.301477 0.0198925 -1.18025 -0.359168 1.40224 0
322 0.349867 -0.0385865 0.227213 -0.187524 0.296696 1.00912 0
323 0.0705136 -0.410298 0.0532187 -1.77766 1.13739 0.362442 0
324 -0.180433 -0.310269 0.219348 0.0826628 1.3187 0.679586 0
325 0.155877 0.253048 0.301895 0.593973 -1.78587 0.450728 0
326 -0.131256 -0.168379 0.368269 -0.715927 1.10314 -0.492878 0
327 0.416037 0.0557686 -0.078404 0.248471 -1.78202 0.499019 0
328 0.032707 -0.429278 0.0230762 0.431161 -0.751614 0.633154 0
329 0.284943 0.263667 0.18904 -1.60581 0.49216 0.774209 0
330 -0.217813 0.296912 0.22553 0.0381771 -1.01293 -0.285767 0
331 -0.403744 0.120569 0.0961788 -0.902097 -1.2242 0.414859 0
332 0.097466 -0.258067 0.333524 0.419213 -1.7291 -0.404974 0
333 -0.220542 -0.119282 -0.352831 -0.0662221 -0.954151 0.0622342 0
334 0.0177071 0.132754 0.411684 -0.608129 0.0734686 -0.113722 0
335 0.0882414 -0.14589 -0.397998 -1.31597 -0.276342 1.38305 0
336 0.199903 0.349754 0.159984 -1.73034 -0.0408324 -0.202549 0
337 0.201846 -0.280239 0.265691 -0.987861 0.319076 0.577039 0
338 -0.27071 0.267789 0.214273 0.66621 0.124774 0.593585 0
339 -0.170837 -0.183233 0.359317 1.42703 -0.966599 1.14297 0
340 0.326699 0.250258 0.15496 -0.514641 -1.28771 1.29751 0
341 0.431163 0.0891333 -0.0487528 -0.815544 -0.800696 -0.120157 0
342 0.387955 -0.177965 -0.120583 0.99242 -0.998633 1.08828 0
343 0.0786948 -0.388933 -0.198251 0.226942 -0.766196 0.515302 0
344 0.355563 0.156713 -0.217642 -0.545479 0.737835 -1.70895 0
345 -0.0625783 0.435415 -0.0897894 1.08561 0.94369 -0.0841107 0
346 -0.418844 0.0838635 0.13882 -0.894734 -0.739265 0.0905856 0
347 0.118474 0.311196 0.305241 0.29498 1.60324 -0.493489 0
348 -0.343186 -0.27347 0.107607 -0.709425 1.56551 1.1313 0
349 0.138934 -0.062118 -0.425917 0.851512 1.77691 0.572035 0
350 0.364597 -0.255158 0.0829041 0.170528 0.739897 0.19748 0
351 0.430191 -0.130175 -0.0613688 -0.42489 0.0165983 0.969901 0
352 0.0141734 -0.443268 0.10416 1.02249 1.32724 0.618691 0
353 0.140322 -0.256246 -0.351248 1.23624 1.22703 0.595588 0
354 0.165849 -0.349721 0.244452 -0.709145 -1.63658 0.142105 0
355 -0.14524 -0.0815168 -0.428522 -0.0655612 1.84268 -0.283485 0
356 0.388126 0.217955 0.119983 -0.299697 -0.770168 1.63615 0
357 -0.44851 -0.0879514 0.0691383 -0.142974 0.492708 -1.36676 0
358 -0.177296 -0.427744 -0.0110142 1.41866 0.59279 1.01569 0
359 0.0484322 0.167463 -0.430408 1.75419 0.433825 0.522936 0
360 0.162771 0.390128 0.194281 0.531875 -1.3159 -0.795685 0
361 -0.305596 -0.346342 0.0700492 0.674684 0.44276 -1.67949 0
362 -0.136277 -0.263171 0.361412 -0.0612317 1.06906 0.0896466 0
363 0.262165 -0.394301 -0.021179 0.920208 -0.429185 0.254617 0
364 -0.204352 0.432091 0.00114861 1.67935 -0.247536 -0.312729 0
365 0.298759 0.333929 0.168958 -0.633736 1.03122 0.0747471 0
366 -0.249772 -0.377695 -0.156221 0.562202 1.23463 0.178353 0
367 -0.0610968 -0.0640813 0.47136 -0.914385 0.198755 1.37906 0
368 -0.0871926 -0.0274529 0.471392 0.82016 0.952315 0.819746 0
369 0.370476 0.191249 -0.240784 0.322355 -1.73667 0.071711 0
370 -0.148551 -0.408515 0.217178 -1.37165 -1.11703 0.624203 0
371 -0.0511289 0.0947366 -0.47502 0.856394 1.33744 -0.938536 0
372 -0.45016 0.18369 -0.0450209 -0.911762 -0.983579 1.32736 0
373 -0.348314 0.0526774 0.33881 -0.838111 -1.11148 -1.15386 0
374 -0.35679 -0.311658 -0.122109 -1.10036 -1.02143 -0.996463 0
375 0.392939 -0.0172299 0.294721 -0.458556 -0.885541 1.21611 0
376 -0.339608 0.325714 0.147584 -0.243904 0.335173 -1.34626 0
377 -0.435874 0.209029 -0.0990367 0.609708 -0.00129961 0.586725 0
378 0.475987 0.023352 0.155407 -0.432868 -1.09359 -0.0281393 0
379 0.332465 -0.208068 -0.315608 0.245005 0.378891 -1.33797 0
380 -0.154055 0.480162 -0.020837 -0.998162 -0.665936 -1.41772 0
381 -0.380338 -0.163014 -0.293148 -0.585395 -0.836102 1.25118 0
382 0.226418 -0.0913769 -0.44507 -0.718791 -0.789345 -0.580632 0
383 -0.394219 0.298567 -0.118408 0.61182 -0.0377871 -1.19074 0
384 -0.230778 0.449692 -0.0620875 -0.375643 -1.59298 0.343879 0
385 0.274473 -0.019766 -0.432167 0.649424 0.0910759 0.929873 0
386 0.129185 -0.0776318 -0.490585 -0.511782 1.00617 -0.771827 0
387 -0.120795 0.00512658 -0.499383 1.42177 0.428916 0.2654 0
388 -0.060648 0.192906 -0.474338 -0.144881 0.252259 1.28147 0
389 0.369246 0.00845719 0.360053 0.852858 0.193866 1.08056 0
390 0.364825 -0.357336 -0.106677 -0.134624 -0.141201 1.03862 0
391 -0.265648 -0.446311 0.0490563 1.07059 -0.200799 0.344978 0
392 0.0121856 0.488716 0.187993 -0.120878 -0.326175 1.2037 0
393 -0.0835113 -0.361102 -0.372569 1.32964 0.810804 -1.04264 0
394 0.157056 -0.49854 0.072974 -0.339313 0.445128 1.24136 0
395 -0.369924 0.163565 0.340232 -1.15714 -1.42818 -0.573402 0
396 -0.187837 0.0109444 -0.494643 -0.628764 0.354031 1.36287 0
397 0.289256 0.442627 -0.0225512 0.0444744 1.07549 0.87443 0
398 -0.172176 0.0350692 0.500614 1.37129 -0.801463 -0.326603 0
399 0.193017 0.389776 0.306249 -0.00627261 -0.968112 0.589409 0
400 -0.018111 -0.513007 -0.14086 -1.63295 0.487642 0.388996 0
401 -0.446738 -0.0221725 0.291903 0.446762 0.605687 -1.18073 0
402 0.338902 0.255519 0.325616 -0.942075 0.801693 -0.0792808 0
403 -0.365579 -0.0767685 0.384215 -1.29141 0.878071 0.818743 0
404 0.499709 0.123582 0.148967 0.634091 -0.11707 1.5517 0
405 -0.538013 -0.0665305 -0.0389132 -0.252909 1.35523 0.162726 0
406 -0.146757 -0.277207 -0.447443 -1.10713 0.151338 0.741266 0
407 0.191052 0.408732 0.3207 -0.37937 -1.20192 -1.03676 0
408 -0.0598356 -0.531791 -0.146788 0.274895 -0.521451 1.03604 0
409 0.132107 0.231331 0.487106 -0.238253 0.239159 1.55078 0
410 -0.493375 0.213205 0.140415 0.921881 -0.800638 -0.716804 0
411 -0.12699 0.538066 -0.054964 -0.337656 0.537304 -0.463255 0
412 -0.227191 0.127922 0.492445 0.000565921 1.63651 0.276682 0
413 0.314592 -0.116189 -0.446034 1.01412 -0.409122 0.286534 0
414 -0.26309 0.370462 -0.324464 0.00110542 -0.199819 1.19762 0
415 0.0725184 0.409858 0.376264 -0.819834 -0.795277 -0.157423 0
416 -0.098308 -0.0578326 0.549598 -1.22833 -0.654141 -0.643105 0
417 0.412317 0.32415 -0.207596 -0.561808 -0.501653 -0.973866 0
418 -0.167706 -0.459434 -0.281172 0.257327 -0.0990378 -0.691632 0
419 0.167102 -0.29728 0.450846 -0.0614744 1.10678 1.0028 0
420 -0.0101953 0.07019 0.56279 -0.620987 0.0533707 1.24611 0
421 -0.085829 -0.54267 0.148811 -0.0255409 -1.03522 -1.0706 0
422 -0.0798505 0.418967 0.377887 -0.506833 -0.524317 0.953245 0
423 0.104009 0.321723 -0.460233 1.20367 0.546057 -0.858171 0
424 -0.565898 -0.0605643 -0.0705269 0.0791238 -0.348771 0.682633 0
425 -0.48652 -0.264719 -0.15601 1.54866 0.398164 -0.025321 0
426 -0.000543645 -0.108277 0.566808 0.0760957 1.32201 0.738661 0
427 0.238185 0.407775 -0.334777 0.492479 0.16738 -0.818017 0
428 -0.013497 -0.00187327 0.581152 1.12887 -0.233068 0.379879 0
429 -0.325512 0.470521 0.109853 -0.135704 -1.63302 0.443482 0
430 -0.0164168 -0.28318 -0.509382 1.19663 0.654478 -0.520597 0
431 -0.0621069 0.475265 0.337926 0.731599 0.0926929 -0.284985 0
432 -0.511962 0.26027 -0.125474 1.12676 -0.362169 0.475038 0
433 -0.476027 0.228671 0.260161 -1.13547 0.778247 0.344688 0
434 0.589557 -0.0272265 -0.00497918 0.457331 1.15369 -0.652487 0
435 -0.43078 0.0151346 -0.404982 -1.37593 0.905739 -0.524583 0
436 0.103501 0.16006 -0.565219 1.03201 -0.972537 -0.990059 0
437 -0.402976 -0.395855 -0.195929 -0.686109 1.40291 -0.131348 0
438 -0.597587 -0.0230685 0.00449138 -0.71787 0.258598 -1.44921 0
439 -0.452513 0.321579 -0.224585 0.428509 0.682485 -0.528706 0
440 -0.475447 0.0408975 0.363443 -1.32619 0.395272 0.789326 0
441 -0.42075 -0.0962749 0.419651 1.14959 0.58717 -0.116336 0
442 -0.118242 -0.497679 0.318937 -0.440364 -0.0838356 -0.99219 0
443 -0.216191 -0.319211 0.464038 1.29082 0.89169 0.628491 0
444 0.360145 -0.435726 -0.21408 -1.08352 0.485275 -0.201592 0
445 0.297265 0.525081 0.0449847 -0.288584 -1.34507 -0.649887 0
446 0.210082 0.567014 -0.0416482 -1.17304 -0.751065 -1.00412 0
447 0.40419 -0.454023 -0.00520425 -0.193976 0.92684 -1.10119 0
448 -0.424722 -0.415224 0.131146 0.648745 0.328258 -0.134202 0
449 0.50583 0.18336 -0.283809 0.28051 0.683723 1.38095 0
450 -0.579783 0.0279969 0.184047 -0.688896 -0.173395 0.720831 0
451 -0.249901 -0.438426 -0.341345 -0.417775 -0.448087 0.878695 0
452 0.360646 -0.426635 0.243569 -0.864943 -0.63041 -1.33559 0
453 -0.47866 -0.0421908 0.377076 -0.352304 -1.2513 0.456259 0
454 0.274499 0.48894 -0.24279 -1.37832 -0.0472233 0.866889 0
455 -0.171966 0.232608 -0.538759 0.370593 0.636991 1.25055 0
456 0.00325695 -0.58109 0.193406 -0.067118 -0.397591 1.15036 0
457 -0.341259 0.500491 -0.0908281 -0.0652403 1.12795 -0.605389 0
458 0.059517 0.587201 0.164462 -0.0444283 -0.218099 1.32182 0
459 -0.241827 0.548327 0.139394 0.100013 0.43592 1.48482 0
460 -0.0725291 -0.480254 0.377753 0.806507 -0.069286 0.644016 0
461 -0.0399527 -0.553569 -0.267617 0.827789 0.103144 -0.0114398 0
462 0.349729 0.194813 -0.468723 0.568289 0.723895 -0.93757 0
463 -0.160389 0.26549 -0.533382 -0.728707 -0.195902 -0.675492 0
464 -0.334564 0.235124 0.463523 0.569578 -0.860076 -0.306559 0
465 -0.55847 0.0953682 0.253515 1.34634 0.412732 0.136237 0
466 -0.023596 -0.530148 0.324504 -0.261742 1.18194 -1.1207 0
467 0.451219 -0.345954 -0.254446 -0.92517 -1.09617 0.687802 0
468 0.179098 0.591732 0.0835492 -0.329357 0.108025 1.13212 0
469 -0.0700687 -0.268104 0.560989 -1.18695 -0.0495692 -0.842251 0
470 -0.285345 0.464787 0.308339 -0.908546 0.561342 -0.831069 0
471 -0.46804 0.324602 0.261015 -0.00331635 0.381217 -0.682048 0
472 0.277746 0.16013 -0.538497 -0.276822 -1.13676 -0.249977 0
473 -0.202932 0.547305 0.229048 -0.628929 -1.31638 0.48481 0
474 -0.327829 0.471601 0.265156 1.29835 -0.278456 0.434166 0
475 -0.472786 0.112894 -0.406419 -0.903382 0.430236 -1.2826 0
476 -0.494534 -0.323701 -0.228865 0.724136 0.535961 -1.05646 0
477 -0.634253 0.0332539 0.0374121 -0.203285 0.294038 -1.24864 0
478 -0.189554 0.196232 0.576841 0.922118 -0.538992 -0.54143 0
479 -0.187249 0.561384 -0.241337 0.0990937 -1.19161 -0.351153 0
480 0.53811 0.26156 -0.226458 -0.214845 0.452552 -1.53265 0
481 0.549618 -0.285555 -0.161395 -0.523195 -0.420747 0.0285386 0
482 0.57751 -0.192354 -0.198795 0.97012 -0.197267 -0.544226 0
483 0.111807 -0.617998 -0.130209 -0.586605 0.907731 1.04166 0
484 0.0260925 0.586954 -0.257271 -1.14368 -1.23884 0.0373811 0
485 -0.467237 0.187577 0.400229 -0.46509 -0.607889 0.482902 0
486 0.342529 -0.206234 0.507835 -0.255815 0.947575 -0.55768 0
487 -0.243966 0.57757 -0.169039 0.492163 -0.523226 -0.757732 0
488 -0.232872 0.0582684 -0.608046 -0.788298 0.224306 -1.27767 0
489 -0.0262068 -0.420946 -0.499879 -0.238813 0.424661 -0.818502 0
490 0.145512 0.630032 0.0983036 0.426811 0.281381 -0.255221 0
491 0.539904 0.367154 0.05525 -0.260388 1.14449 0.445615 0
492 0.201842 -0.606869 0.153165 0.979779 0.473986 -0.811436 0
493 0.517339 0.322671 -0.246612 0.265752 -0.826476 1.27043 0
494 -0.525503 -0.368175 0.149102 -1.09658 0.107612 0.0124695 0
495 -0.330647 -0.265338 0.504259 -0.793229 -0.460095 0.489618 0
496 0.465781 0.453335 0.119431 -0.597014 0.0798937 -1.38346 0
497 -0.578509 0.322882 0.0109774 -0.531105 -0.567139 -1.27297 0
498 0.41116 0.278511 0.442445 0.674267 -1.14332 0.556433 0
499 0.137624 0.572338 -0.312626 0.783126 0.981113 0.671936 0
500 0.475198 0.458784 -0.0976682 0.0475908 -1.46668 -0.613275 0
501 -0.648732 -0.0966245 -0.127804 -0.542672 -0.700356 -0.857618 0
502 0.527991 -0.325792 -0.253266 -0.54745 1.23794 -0.909616 0
503 -0.525247 0.339227 -0.241099 -0.853104 0.854009 -0.524869 0
504 -0.161411 -0.168938 0.630986 0.968022 -0.0668429 -0.109457 0
505 0.190345 -0.114176 -0.636989 0.534722 -0.278448 1.43253 0
506 0.174769 -0.378121 0.530895 0.00850002 0.95145 -0.66495 0
507 -0.605728 -0.245385 -0.168466 1.26712 0.803387 -0.161655 0
508 0.058261 -0.0494322 -0.670804 0.156671 -1.45908 0.161948 0
509 0.0211477 0.633139 -0.237295 1.61542 0.00228443 0.166277 0
510 0.318192 -0.579286 0.153411 -0.0366232 0.229573 -1.01161 0
511 -0.542149 0.391843 0.118437 1.17451 0.022336 0.615686 0
512 0.247908 0.625096 0.119885 -0.217822 1.09356 0.659074 0
513 0.124643 -0.671506 0.027728 -0.276521 0.987748 0.798427 0
514 0.115892 -0.516329 0.43562 -0.741677 -0.00780779 0.893665 0
515 -0.512549 -0.183092 -0.418042 -0.490847 -1.22884 -0.664969 0
516 -0.623817 0.290063 -0.0261799 -0.483395 1.12231 -0.551747 0
517 0.281904 -0.16828 0.608043 0.759785 0.956366 -0.658248 0
518 0.184143 0.276087 -0.609076 0.212636 -1.44844 -0.502575 0
519 0.451106 -0.241532 0.468965 1.02223 1.13162 0.00416319 0
520 0.65634 0.00868351 0.234367 -0.294031 1.2276 0.717226 0
521 -0.0671729 0.0597739 -0.695466 -0.653884 -0.63414 -0.244231 0
522 -0.0361039 0.639879 0.29685 0.280329 -0.082404 -0.869028 0
523 -0.451058 0.330483 0.434211 1.27722 0.83159 -0.337977 0
524 -0.182439 0.411022 0.546822 -0.37016 0.0826913 -0.796273 0
525 -0.386787 0.179938 -0.565486 -0.0898867 -0.657752 0.647613 0
526 0.174207 0.497232 -0.476959 0.905539 -0.824818 -0.018756 0
527 -0.0575193 -0.598704 -0.380189 -1.07672 -0.852569 0.00129912 0
528 -0.430092 0.564147 -0.0733137 0.397321 -0.744069 1.19075 0
529 -0.114072 0.578994 -0.401895 0.0855368 -0.726742 -1.46826 0
530 0.123554 -0.687623 0.167481 -0.946151 0.22127 -0.824163 0
531 0.217022 0.430903 -0.541921 1.27919 -0.312707 0.216439 0
532 -0.032197 -0.457335 0.562902 1.4657 -0.407411 0.560738 0
533 0.551415 0.0362465 0.475428 -0.147997 -0.517759 -0.336022 0
534 -0.523529 0.508555 -0.068944 -0.196084 -1.42514 -0.487492 0
535 0.462757 0.570167 -0.0555241 -0.593156 0.34619 0.553452 0
536 0.679242 0.033707 0.289198 0.405718 0.20343 0.797294 0
537 -0.661871 0.00710853 0.330082 0.0230966 -0.427942 -0.360236 0
538 0.286623 -0.218824 0.648665 0.128075 0.873866 1.0889 0
539 0.511728 0.14172 -0.523835 -0.329583 0.222359 0.818294 0
540 -0.558932 0.389561 0.313968 1.30231 -0.36751 -0.147679 0
541 -0.345939 -0.657785 -0.110656 0.497342 0.607002 -1.33245 0
542 0.120013 -0.152926 0.72601 -0.203151 -1.2971 0.561096 0
543 0.119487 -0.0341349 -0.742576 -0.628226 0.154083 -1.243 0
544 0.539318 -0.370321 0.373768 -0.341671 -1.10791 -0.873144 0
545 -0.456619 -0.0513445 -0.601841 0.988577 -0.263559 -0.583806 0
546 -0.609885 -0.202503 -0.401366 0.0972401 0.0409033 -1.04747 0
547 -0.687876 0.145331 0.283098 -0.574794 -0.564179 1.34293 0
548 -0.184215 0.465775 0.569932 -1.22701 0.841345 0.221306 0
549 0.333364 0.634715 0.251932 1.07812 0.403198 -0.135245 0
550 0.655149 -0.120166 -0.37112 -0.000703697 1.03397 0.212559 0
551 0.381531 -0.233257 -0.618915 0.873343 0.683072 -0.9226 0
552 0.437195 0.457813 -0.434296 0.755171 -0.484354 1.26591 0
553 0.681655 -0.212675 0.283015 0.682984 -0.0513744 -0.666196 0
554 -0.699494 0.294763 -0.126152 -0.277449 -1.40165 -0.539119 0
555 0.31769 -0.208218 0.675069 0.425806 1.23439 -0.624187 0
556 -0.35481 0.226238 0.651083 0.871008 -0.760296 -0.535262 0
557 -0.672458 0.325416 -0.218098 -0.448491 -1.16192 -0.188182 0
558 -0.0851796 0.118338 0.770235 1.25128 -0.301636 -0.632342 0
559 -0.406719 0.669551 -0.0339084 -0.281021 -0.260774 -0.145574 0
560 0.594642 0.218799 0.464159 0.160549 -0.523206 0.111283 0
561 0.74701 0.0710826 -0.235778 0.493943 0.991749 -0.313865 0
562 -0.06601 -0.665731 0.415541 0.448501 0.235584 0.424037 0
563 0.74171 -0.265641 -0.0508263 0.0390486 -0.912653 -0.56721 0
564 0.367122 -0.651118 -0.279488 0.311743 0.054317 -0.94416 0
565 0.497418 0.568553 0.257292 0.151458 -0.450803 1.29792 0
566 -0.205212 -0.678372 0.371249 -0.655289 1.00082 -0.837619 0
567 -0.460583 0.4963 0.433128 0.449091 -0.276755 0.244859 0
568 0.614844 0.27893 -0.43836 -0.230706 1.28052 -0.110041 0
569 0.380381 0.196729 -0.692252 -0.540881 0.475642 0.453882 0
570 -0.453853 -0.637865 0.227003 -0.60763 0.253465 -1.23118 0
571 0.237067 -0.460453 -0.62947 0.447874 0.974484 -0.29729 0
572 -0.0285776 0.599913 -0.552049 -0.527815 0.132868 -0.144827 0
573 -0.140791 -0.805704 -0.0212312 0.112637 1.31962 -0.18966 0
574 -0.00823297 0.703459 -0.421546 -0.0311409 0.188405 0.945707 0
575 -0.542416 0.470714 0.404153 -0.182298 -0.894782 -0.803782 0
576 0.78297 0.253466 0.0709065 -0.665038 1.15136 0.593766 0
577 0.561202 0.442361 0.423627 -0.368096 -0.413784 1.23109 0
578 -0.493285 0.166292 0.647537 0.146514 -0.809618 -0.559409 0
579 -0.203147 -0.799983 0.123414 -0.462357 1.2791 0.67554 0
580 -0.209684 0.690072 -0.420184 0.836058 -0.0302225 0.296151 0
581 0.823802 0.0843562 -0.120437 0.0515506 0.883889 0.737719 0
582 -0.513612 -0.34434 -0.566773 0.716164 -1.33065 -0.030174 0
583 -0.729964 -0.31072 -0.281173 0.0966868 -0.398711 -1.02158 0
584 0.654916 -0.1634 0.505019 0.103934 -0.500748 0.544304 0
585 -0.273608 -0.782312 -0.16901 -0.503739 -1.15923 -0.228047 0
586 0.0173553 0.582195 0.616214 0.561175 0.105982 0.56677 0
587 0.263147 0.294927 -0.750214 -1.0655 -0.461148 0.461213 0
588 -0.772429 0.19062 -0.296092 1.35095 0.550547 0.247044 0
589 0.319253 -0.787603 0.0915092 -0.199652 0.858947 -0.688765 0
590 -0.162712 0.65988 -0.525021 -0.0867105 -0.34124 1.04973 0
591 0.837944 0.15718 -0.116122 0.210198 0.830169 0.73427 0
592 0.0262868 0.759537 0.403952 0.938017 0.448559 -0.0638608 0
593 -0.258705 -0.16348 0.808142 -0.681888 -0.668678 0.509933 0
594 -0.591213 0.598695 0.200695 0.495539 0.35624 0.494303 0
595 0.0320664 0.802497 0.338061 -0.254038 0.191271 0.458593 0
596 -0.0452744 -0.424893 0.771712 0.436192 -0.914335 -0.939263 0
597 0.814473 0.260279 -0.234069 0.729319 -0.260574 -0.119415 0
598 0.108872 -0.690428 -0.551254 0.282743 -0.928057 -0.839314 0
599 -0.716781 -0.50148 0.168252 0.94736 0.256561 -0.435521 0
600 -0.592603 0.576352 0.338055 -0.344693 0.793397 0.00276374 0
601 0.479956 -0.655922 -0.377955 0.667185 0.609961 0.473913 0
602 0.747692 0.474758 -0.152529 0.108876 0.485794 -0.0432865 0
603 0.607542 -0.097368 0.657076 -0.169781 0.495972 -0.873663 0
604 -0.0561279 0.522747 0.73672 0.655793 0.407326 -0.71225 0
605 -0.463669 0.714445 -0.319212 0.585791 -0.817905 0.0044548 0
606 0.453276 0.771351 -0.178792 0.952883 0.662351 -0.268484 0
607 -0.151212 -0.847741 0.305343 -0.581864 -0.755197 0.213117 0
608 0.526095 -0.750088 0.0735062 -0.518098 -1.33038 0.170842 0
609 -0.232358 -0.840955 0.316019 -0.719932 -0.501712 0.57935 0
610 0.568468 -0.166652 -0.716715 0.196031 -0.511579 0.188801 0
611 0.799765 0.0605199 -0.476107 -1.05127 0.370382 0.286844 0
612 0.592067 0.633191 -0.353828 0.0248159 0.225691 -1.09891 0
613 -0.705422 0.545731 -0.286245 -0.309702 0.44648 -0.631278 0
614 -0.0358866 -0.526699 0.775876 0.36665 -0.23747 -0.149779 0
615 -0.846207 0.387002 -0.125065 -0.32603 -0.213774 0.833593 0
616 0.193578 -0.918618 -0.0136725 0.440545 1.08695 0.512507 0
617 -0.144996 0.893892 0.248754 0.888997 -0.0977309 0.387317 0
618 -0.554768 0.472403 -0.594838 0.887019 -0.791148 0.438546 0
619 0.28267 -0.899789 -0.0102813 -0.436577 0.60093 -0.305885 0
620 0.0479528 0.386025 0.862014 0.955101 0.144003 0.542413 0
621 -0.686185 -0.490223 -0.433845 0.336363 0.0817748 0.914679 0
622 -0.190927 -0.692794 -0.619251 0.0927464 -0.904066 0.512285 0
623 0.789656 -0.515695 0.107063 -0.0239868 -0.109343 -1.33948 0
624 0.742647 -0.560363 -0.195123 0.0661283 -0.945348 -0.0586905 0
625 -0.652646 0.0242716 -0.695127 -0.0977549 0.624145 -1.28402 0
626 0.247202 0.419822 -0.820123 0.219516 0.646644 -0.610375 0
627 0.828131 0.113867 0.461769 0.814344 0.0341813 -0.792434 0
628 -0.854488 0.218336 0.372423 -1.17795 0.155419 -0.401838 0
629 0.906784 0.32747 0.0578367 0.468513 0.473762 -0.642056 0
630 -0.437773 -0.704372 0.496994 -0.117882 -0.354381 -0.0997276 0
631 -0.220089 -0.407283 0.848928 0.700253 0.356537 -0.105361 0
632 0.0565775 -0.968177 0.11232 -0.732919 0.887566 -0.0910093 0
633 0.104917 -0.391462 -0.890162 -0.539662 0.721061 -0.581677 0
634 -0.404863 0.255922 -0.853685 0.805574 0.334028 0.419029 0
635 0.68391 -0.650517 0.266446 -0.826762 0.680829 0.201553 0
636 0.496204 -0.351878 0.773586 -0.208739 -0.872019 -0.113772 0
637 0.141378 -0.312384 0.926438 0.264124 0.161127 -0.881642 0
638 -0.323858 -0.924053 0.132105 0.13344 0.536157 0.200178 0
639 -0.149012 0.301017 0.933836 0.355888 -0.771316 0.134966 0
640 -0.262484 0.138139 0.950437 0.425264 -0.203637 0.996462 0
641 0.247312 0.533544 0.805005 -0.787671 0.208276 -0.746205 0
642 -0.34866 -0.378832 -0.85874 0.127273 -1.00094 -0.768238 0
643 0.73795 0.573741 0.366621 0.430816 0.622805 0.313985 0
644 0.96947 -0.230743 0.13199 0.703621 -0.297277 -0.246688 0
645 -0.481907 -0.345528 -0.813036 0.622003 0.431682 0.239656 0
646 0.349068 0.412247 0.851979 0.807129 -0.558836 -0.391925 0
647 0.492384 0.305027 -0.828486 -0.4506 -0.434409 -0.477319 0
648 -0.244162 -0.967923 -0.193737 -0.862919 -0.573957 0.335223 0
649 0.434009 0.681687 0.617254 -0.555574 0.65424 0.238922 0
650 -0.87175 0.418394 -0.315197 0.848191 0.603967 -0.698103 0
651 -0.200438 0.418726 0.905555 -0.75608 0.0694427 -0.646523 0
652 -0.099142 0.736676 -0.696639 0.317327 0.394405 0.0760251 0
653 0.268754 0.984052 -0.0162059 0.223109 0.298279 0.654849 0
654 0.152983 -0.903027 0.465188 0.492084 0.470423 0.712935 0
655 0.123671 -0.182856 1.00586 0.749188 -0.17036 0.538911 0
656 0.655341 0.713899 -0.356847 0.612534 -0.318531 0.885674 0
657 0.733509 -0.708011 -0.177286 0.565557 -0.319972 0.140903 0
658 0.623196 -0.307155 0.771186 -0.480332 0.117393 0.981957 0
659 -1.03683 0.0747177 0.055977 0.131132 -0.588794 0.266991 0
660 -0.0805641 0.941289 -0.44716 0.211458 -0.865243 -0.380306 0
661 0.969993 -0.321109 -0.222583 0.641241 -0.951324 -0.296274 0
662 -0.999986 -0.29092 0.127631 0.114538 0.0794541 -0.807366 0
663 0.179394 0.632248 0.819147 0.0604992 -0.938955 1.00569 0
664 -0.760636 -0.219594 0.692536 0.31211 -0.714884 0.991517 0
665 0.898245 -0.468576 0.290817 0.213074 -1.27406 0.0401033 0
666 0.00280207 1.02836 0.231705 -1.05155 -0.204505 0.360505 0
667 0.844787 0.195143 0.602916 -0.316858 -0.619306 1.07659 0
668 -0.0148002 -1.02094 -0.270213 0.527947 -0.92105 0.543689 0
669 -0.53507 0.789567 0.462254 -0.0810387 1.24682 -0.401538 0
670 0.886828 -0.484983 -0.321102 0.258492 0.82037 1.01892 0
671 0.548201 -0.793817 -0.448554 -0.0951005 -0.831151 0.683591 0
672 -0.64582 0.829389 -0.167479 -1.00449 0.0220334 0.0949463 0
673 -0.449616 0.766628 0.587121 0.573194 -0.405051 0.359456 0
674 0.5846 -0.800898 -0.392311 -0.347589 0.334488 -0.57158 0
675 -0.721956 -0.625741 0.475401 0.638056 -0.196646 0.864296 0
676 0.607124 0.809414 -0.359082 0.614625 0.486148 -0.68245 0
677 -0.524996 0.900679 0.265823 -0.543745 -0.227885 0.47202 0
678 0.779154 -0.664212 -0.336484 0.584105 0.100722 0.789138 0
679 -0.894573 0.411017 -0.44208 -0.291493 0.754334 0.786716 0
680 -0.546382 -0.732265 0.581852 0.780972 0.102408 0.996201 0
681 -0.54931 -0.434663 0.827381 0.478799 1.0193 -0.0861781 0
682 -0.0446034 0.803037 0.727588 0.812716 0.16665 -0.808091 0
683 1.06084 0.239594 -0.061598 0.653242 -0.22104 0.121029 0
684 -0.262324 -0.0668447 -1.06224 -1.03552 -0.186456 0.261467 0
685 0.210533 -0.694599 0.823774 -0.153634 -0.0580572 0.631456 0
686 -0.107422 -0.735692 0.817696 -0.470785 -0.674529 -0.328676 0
687 -0.322868 -1.05977 0.0131443 0.357092 0.633257 -1.05818 0
688 -0.986248 0.0742476 -0.5054 -0.270776 0.183252 0.563283 0
689 0.655727 0.890519 -0.111385 0.24113 0.100798 0.46206 0
690 0.614032 -0.215422 0.903381 1.07207 -0.607178 -0.468875 0
691 1.00061 -0.434527 0.238948 -0.33887 0.163846 0.354981 0
692 0.183668 0.964049 -0.539574 0.342301 0.632245 -0.660061 0
693 0.296961 -0.180035 -1.06549 0.914097 -0.108442 0.859146 0
694 0.886897 -0.11009 -0.676426 0.215472 0.592413 0.384634 0
695 -0.834053 0.445741 -0.604085 1.00303 0.632321 -0.206932 0
696 -0.919848 -0.442307 -0.46725 -0.547546 0.506312 -0.667642 0
697 0.831331 -0.271036 0.717087 1.0256 0.402264 -0.179381 0
698 -0.754105 0.795356 -0.284403 0.723945 0.136789 0.803546 0
699 -1.11623 0.105902 -0.192906 0.0352181 -0.595419 0.606413 0
700 0.300485 -1.00786 0.436646 0.188533 -0.473854 -0.292446 0
701 -0.136642 0.563751 0.982372 -0.585034 -0.571281 0.661754 0
702 -0.308277 -0.205703 1.08011 -0.743812 0.186436 0.551761 0
703 0.397533 1.05009 -0.213346 0.781951 -0.567609 -0.810517 0
704 0.31243 0.690396 0.857049 -0.287482 0.118403 -1.23081 0
705 0.701181 0.367639 -0.832831 -0.257401 0.0897125 -0.810662 0
706 0.321816 0.952202 -0.56665 0.912546 -0.886943 0.0862663 0
707 -0.276785 -0.925362 -0.633215 0.674503 -0.594163 0.668132 0
708 -1.09102 -0.00497078 -0.380648 -0.015019 0.32262 -0.584419 0
709 -0.453111 0.0237594 -1.06518 0.186869 0.640316 -0.224011 0
710 -0.545067 -0.929472 -0.427439 -0.161384 0.515518 0.796774 0
711 0.353872 0.749162 0.81655 1.03588 -0.0445861 0.301774 0
712 -0.868393 0.0449461 0.775897 0.805046 0.628511 0.470804 0
713 -0.109107 0.786188 -0.856759 -0.175344 -1.25467 -0.108089 0
714 0.509656 1.05369 0.0661473 0.713097 -0.46813 0.921754 0
715 0.892781 -0.518541 -0.560535 -0.329252 0.355099 -0.96877 0
716 -0.611183 -0.681909 0.738848 -0.249683 0.805044 0.144882 0
717 -0.664342 -0.0367334 -0.976007 -0.189721 0.276006 -0.925644 0
718 -0.37947 1.05727 -0.380183 -0.618909 0.388334 0.611112 0
719 -0.972385 -0.681628 -0.0440894 0.866734 -0.34048 0.0167802 0
720 0.0685535 1.09646 -0.454955 -0.102443 0.941801 -0.219463 0
721 1.18776 0.0444794 0.0400469 0.0548084 0.303648 -0.455267 0
722 -1.18212 -0.108409 0.10482 -0.137669 -1.07994 -0.19017 0
723 -0.219673 0.978512 0.647935 -0.818998 -0.524517 0.778431 0
724 -0.608761 0.951824 0.392506 -0.145371 -0.248825 0.979403 0
725 -0.148555 -1.10074 0.446306 -0.224883 -0.0611317 -0.954986 0
726 -0.904476 0.449555 0.684247 0.521723 -0.123497 -1.02411 0
727 -0.828426 -0.625771 -0.648959 0.437664 -0.271496 0.071603 0
728 0.469428 1.08836 0.335155 -1.00202 0.0156089 -0.143894 0
729 -1.06739 0.0485856 0.613417 0.695751 0.163927 -0.631126 0
730 -1.09272 -0.548765 -0.239373 0.086667 1.03341 0.285589 0
731 -0.720002 -1.01187 -0.113025 0.153366 0.745688 0.102823 0
732 -0.00437238 0.415078 1.1848 0.367471 -0.458593 -0.549461 0
733 0.752612 -0.824267 0.577561 -0.626167 0.524591 -0.242969 0
734 -0.995894 -0.69312 -0.343761 -0.684126 -0.213076 -0.788897 0
735 0.75314 0.853069 0.545363 0.112669 -1.05526 0.151142 0
736 -0.112771 1.07017 0.665998 0.0715112 0.897179 -0.463087 0
737 -0.103207 1.26271 -0.0347788 -0.609534 -0.583668 0.581631 0
738 -0.177157 -0.0366473 1.25443 -0.373774 0.629115 -0.0872583 0
739 -0.160499 0.967613 -0.811913 -0.301337 0.538269 0.746401 0
740 -0.932235 0.729794 0.50634 -0.13438 0.352409 -1.02315 0
741 0.164679 -0.942341 -0.86623 -0.643366 0.351544 0.0694815 0
742 -0.404817 -0.39948 -1.16625 0.364779 -0.67026 0.765394 0
743 1.03224 -0.778185 0.131881 -0.431525 -0.0184071 -0.701225 0
744 -0.722069 0.422587 1.00641 -1.09931 -0.234042 -0.0546457 0
745 0.553532 -0.0237261 1.1885 0.153035 -1.1034 0.222624 0
746 0.0645625 -1.28191 -0.275438 -0.316543 -0.00644705 -0.611359 0
747 -1.08978 -0.333627 -0.6708 -0.6212 0.0589485 -0.723727 0
748 0.539474 -0.753006 -0.946339 -0.173491 0.219319 0.819035 0
749 -0.911979 -0.931022 -0.241846 -0.521752 -0.463099 0.638518 0
750 -0.33234 -0.454694 1.20577 -0.212221 0.174051 0.258461 0
751 -0.604969 0.692069 -0.962604 -0.939959 -0.230953 -0.1271 0
752 -1.29189 -0.322325 0.0380059 -0.52812 -0.17587 -0.737387 0
753 -0.928054 -0.34165 -0.915119 -0.847772 -0.587972 -0.536334 0
754 -1.02693 0.214152 -0.850302 -0.903054 0.631045 -0.293394 0
755 0.0261417 0.0423956 1.35141 0.267238 0.978112 -0.405068 0
756 -0.0489806 0.429175 1.28715 -0.974958 -0.593958 -0.08009 0
757 -0.833284 0.867331 -0.645481 -0.189238 0.0834879 -0.841869 0
758 -1.16259 -0.63818 -0.333328 -0.0144074 -0.505351 0.611656 0
759 0.422744 -1.25182 0.357827 -0.811204 -0.180498 -0.288825 0
760 -0.386625 0.657057 -1.15518 0.337006 -0.530488 0.537232 0
761 0.0599842 -1.37867 0.19471 0.642049 -0.62387 -0.341191 0
762 -0.85382 -1.06735 -0.301779 -0.188639 0.761836 -0.580331 0
763 1.19654 -0.733207 -0.0317251 0.368282 -0.885517 0.484254 0
764 0.50798 -0.607893 1.16851 0.319816 -1.04144 0.00132321 0
765 -0.352092 0.777335 -1.12532 -0.576487 0.369917 -0.624751 0
766 -0.479791 0.473432 -1.24451 -0.616074 0.164225 0.725115 0
767 -0.0783964 -0.983909 1.01642 0.0708307 0.476449 0.348074 0
768 -1.08806 0.611455 -0.682314 0.29781 -0.231933 -0.703118 0
769 1.3386 -0.394767 0.285773 0.534543 -0.693795 -0.0964818 0
770 -1.018 -0.875355 0.480888 -0.459187 -0.188448 -0.108034 0
771 0.584664 -1.29976 -0.0553627 -0.0238409 -0.847701 0.278212 0
772 0.722623 -0.518583 -1.11758 0.855689 0.283105 0.0808263 0
773 -1.07618 -0.942321 -0.0543945 0.598584 -0.146148 -0.528184 0
774 -0.252353 0.495129 -1.32418 0.938734 -0.0440372 0.0124894 0
775 0.685911 -0.663308 -1.09303 -0.0136557 0.801418 -0.311394 0
776 1.34215 -0.503319 -0.257251 -0.0778903 0.721953 -0.588294 0
777 -0.909899 1.12842 0.149095 -0.721946 0.24864 -0.431418 0
778 0.974793 -0.203689 1.07442 -0.338072 0.502041 -0.510862 0
779 1.36891 -0.495514 0.238588 -0.156286 -0.453767 -0.591391 0
780 -0.385961 1.21522 -0.745447 -0.895391 -0.137042 -0.157527 0
781 -0.979473 1.0746 -0.284706 0.0439169 0.960479 -0.344456 0
782 0.329882 1.08742 -0.96343 0.375573 -0.586474 0.118694 0
783 -0.59833 -1.32044 0.374837 -0.88337 0.215123 -0.52396 0
784 -1.25739 -0.668408 0.464925 -0.0808528 0.135308 0.939807 0
785 -0.149605 1.04645 -1.06432 -0.62065 0.642092 -0.111949 0
786 -0.365464 -1.0893 0.966586 0.544014 -0.273389 -0.700264 0
787 -0.924991 0.924073 0.738381 -0.613843 0.371601 0.796593 0
788 -0.509222 0.817133 -1.15477 -0.170158 -0.281902 -0.775296 0
789 0.179719 -1.35596 -0.629474 -0.305437 -0.231102 0.20469 0
790 1.32186 -0.0601393 0.722058 -0.417278 -0.353887 0.269367 0
791 0.125457 1.35705 -0.64489 -0.0960688 -0.649104 0.207133 0
792 -0.787167 -1.28339 -0.0966374 -0.382662 0.0104589 0.915316 0
793 0.862402 1.0159 -0.724694 -0.560937 -0.0146643 -0.0575536 0
794 -0.122798 1.2123 0.918468 -0.781935 0.269907 -0.551055 0
795 1.44669 -0.457443 0.168628 0.675792 -0.470347 0.0415533 0
796 1.38542 -0.532139 -0.368596 0.67519 -0.863216 0.194634 0
797 -1.27171 0.71244 -0.468618 -0.232172 0.462084 0.824684 0
798 -1.00767 1.14891 -0.11459 0.366973 0.701853 -0.262607 0
799 -0.507365 0.207132 1.43741 0.2986 -0.639445 0.846385 0
800 1.18809 0.516859 -0.856284 -0.246929 -0.442199 -0.0581094 0
801 -1.31128 -0.50385 0.677078 -0.556003 -0.35805 0.182481 0
802 0.929244 -1.24984 0.0809558 0.852348 0.566819 0.0890086 0
803 -1.43782 0.0864298 -0.604533 -0.54486 -0.480844 -0.211377 0
804 -1.32612 -0.449392 0.708989 -0.0454637 -0.226333 -0.920656 0
805 -0.765909 1.26752 -0.534905 -0.103773 0.523184 -0.5505 0
806 -1.00157 -1.21375 -0.139327 -0.181274 0.904508 -0.344643 0
807 -0.347591 0.678778 -1.38983 -0.445256 -0.312478 0.31335 0
808 -1.57352 -0.208051 -0.0301846 -0.829056 -0.030108 0.245076 0
809 0.799878 0.80554 -1.11087 -1.03671 0.0738052 0.0569153 0
810 -1.04262 0.91276 0.787248 -0.965539 -0.471159 -0.305228 0
811 -0.609948 1.1361 -0.956311 -0.710233 0.18539 0.362441 0
812 -0.231049 0.203093 -1.58433 0.47897 -0.479617 -0.176247 0
813 0.996145 -0.779559 1.0078 0.217524 -0.358887 -0.762227 0
814 -0.728338 0.807913 -1.20578 0.266537 -0.154043 0.957489 0
815 0.243081 0.541112 -1.51338 -0.618019 0.493866 -0.288043 0
816 0.335694 1.54839 -0.378489 0.745243 -0.0617698 -0.357468 0
817 1.04168 0.686496 -1.05651 0.419364 0.150372 0.839123 0
818 -0.640515 -1.48036 0.274678 0.626473 0.510358 0.491912 0
819 0.40832 -1.54958 0.346802 0.605793 0.190821 0.408145 0
820 0.995212 -0.612729 1.18352 0.183104 1.06655 0.0164288 0
821 -0.670692 -0.13704 1.52818 -0.318853 0.551242 -0.78424 0
822 1.45676 0.0902155 -0.821059 0.818766 0.320762 -0.561261 0
823 1.46994 -0.640689 -0.498863 -0.286194 -0.648991 0.503838 0
824 -0.261938 -1.65434 -0.236726 0.0935819 0.563112 -0.578817 0
825 0.600493 -1.24 -0.997979 -0.962991 -0.250576 0.0337826 0
826 -0.38232 -1.62129 0.349991 0.24408 0.146419 0.369743 0
827 -0.748815 1.53113 -0.143353 0.276093 0.454023 -0.10315 0
828 -0.92558 1.02732 1.01515 0.390607 0.495911 -0.792008 0
829 0.495882 0.840433 1.41149 0.169042 -0.68736 0.303907 0
830 1.69421 -0.311553 0.0210924 0.0403903 0.738993 0.721509 0
831 0.613173 -0.667042 -1.47974 0.486051 -0.326195 -0.412522 0
832 -1.11623 -1.11543 -0.737601 -0.3101 -0.242675 0.042005 0
833 -1.1863 1.06988 -0.702306 0.139738 0.390085 -0.86098 0
834 -0.957189 -1.12298 -0.951176 -0.351852 -0.456196 0.251879 0
835 -0.215332 -1.61864 0.648908 -0.43367 -0.365453 -0.363145 0
836 1.41561 -0.831788 0.640008 0.489382 -0.277133 0.740256 0
837 -0.213629 -1.59889 0.709808 -0.68224 -0.14301 -0.253446 0
838 1.32363 0.434564 1.07939 -0.381784 -0.279378 -0.359609 0
839 0.123306 -1.75085 0.180625 0.421209 0.24102 -0.201985 0
840 1.0629 -0.449878 1.37597 -0.597963 0.411242 0.608116 0
841 -0.200769 0.637375 -1.66805 -0.103474 0.452323 -0.140231 0
842 1.48439 -0.895347 0.50312 -0.0314761 -0.42127 -0.927059 0
843 -1.14358 -1.40212 0.0647422 0.0310069 -0.579176 0.406794 0
844 1.37112 -0.975366 0.713515 -0.533049 -0.0331616 0.0768336 0
845 1.35525 -0.540698 -1.11086 0.540068 -0.513803 0.706781 0
846 -1.1917 0.364489 -1.35894 0.629696 0.494645 -0.430649 0
847 -0.802887 -1.21983 1.13155 0.393354 0.014483 0.832038 0
848 -0.792621 1.53561 0.655079 0.0215134 0.453948 0.432617 0
849 -1.3466 1.27438 -0.0077081 0.198895 0.749368 -0.32022 0
850 -1.37177 -0.89044 -0.921384 0.65744 -0.226325 -0.504148 0
851 1.41958 0.385057 1.17721 0.57206 0.125649 -0.0970589 0
852 -0.429729 -1.83114 0.141495 -0.934627 0.213491 0.0102597 0
853 -1.05061 0.911608 1.28925 0.342947 0.444978 0.0556643 0
854 0.958117 1.6463 -0.00170105 -0.498525 0.334389 0.355543 0
855 -0.47582 0.624206 1.74077 0.424393 0.338802 0.555011 0
856 -1.79946 0.404581 0.535451 0.517964 0.361734 0.109381 0
857 -0.94928 -0.592408 1.56638 -0.420718 0.125651 -0.465015 0
858 -0.103704 -1.53359 -1.16432 0.125798 -0.666199 -0.348275 0
859 0.174447 -1.7879 0.703013 -0.165164 0.922219 -0.153676 0
860 -1.74151 0.850759 0.188386 0.171431 -0.612263 0.578103 0
861 -1.94296 -0.240678 0.302042 -0.190407 -0.111585 -0.868173 0
862 0.81914 1.79889 0.259864 0.554874 0.348403 -0.158824 0
863 0.646302 -0.1216 -1.90033 0.646972 -0.193095 0.41083 0
864 0.016499 1.50243 1.338 -0.261902 -0.491585 -0.626431 0
865 -1.13614 1.30046 1.03821 -0.47829 -0.00626341 0.372538 0
866 0.33249 -0.909368 1.8003 -0.265072 0.21262 0.2295 0
867 0.649744 -0.516783 1.87746 0.0383121 -0.556391 0.190518 0
868 0.923406 -1.21253 1.37565 0.742856 0.0757963 -0.47394 0
869 -1.3326 0.702965 -1.42441 -0.192578 -0.779359 -0.460261 0
870 -0.48854 1.0457 -1.72331 -0.557054 0.0282477 0.335798 0
871 2.04033 0.348351 -0.136297 -0.450795 0.624235 0.148109 0
872 -1.32912 -1.09983 1.16391 0.347439 -0.615658 -0.0715231 0
873 0.589277 0.94784 1.77016 -0.13493 -0.616774 0.340752 0
874 0.458853 1.98072 -0.510225 -0.564571 -0.434152 -0.59021 0
875 -0.889401 1.46468 1.23301 0.579193 0.55792 -0.490101 0
876 1.96968 0.634282 0.427037 0.17486 -0.850028 -0.399231 0
877 0.21733 -0.141526 -2.09904 -0.389271 -0.112703 0.428738 0
878 -0.37259 0.259416 2.07898 -0.329182 -0.268484 -0.0625423 0
879 1.98877 -0.743014 -0.226576 0.32071 -0.330461 0.62079 0
880 -0.28865 0.133531 2.12254 -0.699054 -0.0952504 -0.506294 0
881 -0.819596 -1.1414 1.62373 -0.0883417 0.242521 0.430561 0
882 -0.0280423 -0.735557 -2.0281 0.390878 -0.419711 0.355538 0
883 1.54641 -0.939086 -1.18954 0.261912 -0.137392 -0.314449 0
884 1.72175 1.31367 0.1535 0.0496435 0.150316 0.720379 0
885 -1.45061 1.57518 0.425046 -0.0261371 -0.183426 0.594966 0
886 2.15988 -0.00185602 -0.32613 0.55227 -0.0285115 0.29914 0
887 1.74657 0.797471 -1.09255 -0.255197 0.795563 0.354055 0
888 0.588559 0.63236 -2.03482 -0.0495098 0.389115 0.29535 0
889 2.03989 0.873629 -0.195637 -0.116465 -0.337852 0.20804 0
890 -0.624616 1.74382 1.24282 -0.099947 -0.856051 0.283749 0
891 2.15901 0.148779 0.591173 -0.372742 0.329367 -0.68465 0
892 -2.11044 -0.0149098 -0.849203 -0.850439 -0.0648382 0.0289122 0
893 0.0088751 -1.5294 -1.72844 -0.448348 0.586956 0.473729 0
894 -2.24435 0.481442 -0.257484 0.615333 -0.446582 0.0204465 0
895 0.484445 -2.02713 1.00669 0.16816 -0.733563 0.110875 0
896 -1.88492 -1.32392 0.257285 -0.626062 0.38034 0.162576 0
897 0.655541 -1.15943 1.90759 0.354676 -0.219213 -0.599542 0
898 0.865661 -0.505256 2.12009 0.414456 -0.452008 0.00676184 0
899 1.64321 1.3639 0.973179 0.11669 -0.572952 0.3414 0
900 -1.5855 1.03174 -1.41919 -0.778238 0.229625 0.3527 0
901 -2.23524 0.789637 0.212044 -0.519244 -0.440246 -0.179201 0
902 2.26995 -0.235882 0.729835 0.628702 0.114805 0.0392738 0
903 0.236411 1.50451 -1.91229 0.349167 0.225677 0.562545 0
904 0.00698353 0.56852 2.38074 0.179058 -0.0130381 -0.346236 0
905 -1.67861 -1.76584 0.235845 -0.307413 -0.187377 0.303241 0
906 0.192148 -1.61976 1.9064 0.549461 -0.411731 0.392068 0
907 -2.15396 0.0616913 -1.32252 -0.693922 0.235611 -0.0164893 0
908 -0.624593 -1.11658 2.1817 0.773884 -0.0697236 0.136594 0
909 -0.820822 -2.29855 0.758133 0.15638 -0.000606777 0.541004 0
910 -2.06164 -1.33213 -0.725754 0.0158398 -0.333521 -0.489303 0
911 -1.8257 1.79388 0.0243136 -0.415198 -0.196786 -0.572585 0
912 1.18457 1.47807 -1.77395 0.489073 0.0732437 -0.328574 0
913 1.74857 1.92491 -0.115131 -0.597712 0.50355 -0.0415817 0
914 -0.879345 -2.26562 0.955151 -0.191694 0.600964 -0.109509 0
915 1.59272 1.75309 -1.13892 -0.567921 -0.277264 -0.480876 0
916 -0.629288 -2.4611 -0.895628 0.45608 -0.184198 -0.531632 0
917 0.420047 -2.34563 -1.30908 -0.280124 0.623096 0.0320499 0
918 -2.73885 0.0846982 0.286843 -0.440752 -0.194146 -0.621509 0
919 -2.24203 1.60407 -0.176309 -0.404279 0.563772 0.255851 0
920 -2.23927 1.42048 -0.907581 0.335067 0.631952 -0.238255 0
921 -1.3593 2.26931 -0.950585 0.280583 -0.238072 0.118544 0
922 -0.840762 1.53065 -2.23325 0.689454 0.153748 -0.432488 0
923 1.5061 1.15064 -2.13731 -0.234609 -0.0908892 0.692035 0
924 1.294 -1.29907 -2.19647 -0.37903 0.376674 -0.0297016 0
925 -1.74092 1.99912 1.09539 -0.591779 0.25582 0.0195816 0
926 2.07076 0.730642 -1.87873 0.355286 -0.465322 -0.193264 0
927 -0.040865 -2.15132 1.93336 0.0918842 0.266761 -0.124485 0
928 1.37682 2.28193 -1.13049 -0.327041 -0.291578 0.213807 0
929 -1.10137 2.52873 0.900996 0.11069 -0.256605 -0.594989 0
930 0.743114 1.2773 2.50761 -0.648816 -0.270181 0.406184 0
931 1.50065 0.137811 2.51469 -0.198392 0.486538 -0.222076 0
932 -1.06718 0.739989 2.63246 -0.467927 -0.51517 -0.315556 0
933 0.89869 -2.78801 0.264203 0.0862639 -0.425357 0.0125973 0
934 -2.31928 1.57666 0.922201 0.201881 0.368506 -0.404573 0
935 2.16278 1.8977 0.794853 0.144034 0.116484 -0.0405203 0
936 2.17594 1.59184 1.43874 -0.194657 -0.044218 -0.362868 0
937 -1.82548 2.18329 1.11421 0.131646 0.357259 -0.498689 0
938 -1.99597 -2.31859 -0.187341 0.716191 -0.0718486 -0.0801453 0
939 0.353411 2.53581 1.75696 -0.00878019 0.306249 0.629449 0
940 1.725 -1.05936 -2.35982 0.245559 -0.570029 0.34111 0
941 1.30023 -1.95983 -2.05373 0.244688 0.387794 0.43027 0
942 3.05183 0.693202 -0.294791 0.365503 0.567691 -0.059442 0
943 -0.636052 -1.15353 2.89377 -0.297098 -0.514715 0.284263 0
944 -1.41273 -2.83332 -0.373134 -0.574415 0.101997 0.155624 0
945 0.537064 1.09115 2.96342 0.121499 -0.0716678 0.515246 0
946 0.78793 -2.97548 -0.951285 -0.0992912 0.597927 0.177042 0
947 2.49661 2.08841 -0.0440919 -0.651789 0.252428 0.154885 0
948 -3.16482 0.792183 0.342339 -0.431726 -0.296384 -0.169839 0
949 -1.29713 -1.13145 2.79658 0.422457 0.502156 0.271004 0
950 -1.96859 1.40424 2.22682 -0.160057 0.246989 -0.682784 0
951 1.23205 3.0426 0.481993 -0.450058 0.193273 -0.185955 0
952 2.44352 -2.45073 0.326718 -0.446074 0.397435 -0.178925 0
953 -1.22124 -2.65475 -1.99316 -0.146125 0.116277 -0.391088 0
954 3.07101 -1.33853 -1.14099 0.295875 0.141798 0.467887 0
955 -0.155338 3.55629 -0.153089 0.041304 0.0697292 -0.438898 0
956 1.04723 0.0450434 -3.41867 0.400964 -0.104535 0.496978 0
957 1.40004 0.762596 -3.20202 0.399046 -0.416673 0.189352 0
958 -0.338174 -3.28359 -1.49107 -0.324269 0.371862 0.141451 0
959 2.36181 -0.432744 2.79219 0.240934 0.154922 -0.307736 0
960 -2.87171 1.0167 2.1405 0.371154 -0.233785 -0.497191 0
961 2.22166 0.95495 -2.88042 -0.324079 0.26647 -0.417897 0
962 -2.52835 1.7247 -2.20957 -0.259204 0.197 0.146096 0
963 -0.971437 -0.273853 3.66739 0.089199 -0.32641 0.463175 0
964 0.660762 3.77432 1.48976 -0.312484 0.46481 0.108833 0
965 1.27987 -3.97877 0.638387 0.0282116 0.0828413 0.635989 0
966 -1.81793 1.99568 -3.29361 0.0971836 -0.52055 0.407805 0
967 -1.36431 3.94536 0.932632 -0.151369 -0.0764918 -0.507389 0
968 2.36973 -3.2599 1.89835 -0.248081 0.27134 -0.119763 0
969 4.41287 -1.08229 0.233615 0.296423 0.0197137 0.360411 0
970 1.46088 1.72493 -4.07461 0.338465 -0.0306666 0.516714 0
971 -3.87786 2.46235 0.90855 0.22309 -0.460459 -0.340665 0
972 -2.13406 -3.18819 3.06344 0.525731 0.244155 0.212784 0
973 3.26858 -3.21334 2.00822 0.361806 0.00156134 -0.271291 0
974 -1.10787 3.55139 -3.4315 0.340352 -0.508874 0.0893791 0
975 -0.594631 -2.09008 4.58172 -0.479161 -0.0476728 -0.201135 0
976 -2.05487 1.31477 4.48017 -0.372394 0.457843 -0.0258631 0
977 -2.44428 -1.585 -4.20759 0.359903 0.0555762 -0.437095 0
978 -2.52395 0.216921 5.06471 -0.237916 -0.165426 0.0478314 0
979 -4.75604 -1.6883 -2.73826 -0.0275878 -0.0135857 -0.425701 0
980 3.76654 3.45366 -3.72515 0.279884 -0.331079 -0.239343 0
981 6.06363 -0.0472812 1.95963 -0.464266 0.129694 0.0231672 0
982 0.513931 5.65707 -3.35905 -0.489481 0.0807857 -0.225996 0
983 1.83931 -6.62322 -1.35365 -0.381002 -0.157406 0.220162 0
984 6.31566 -1.3999 2.74416 0.148807 -0.199528 0.125431 0
985 -6.07052 -1.64991 3.16155 0.362653 0.159118 -0.0962991 0
986 -5.01557 4.87853 -1.07456 0.0684669 0.420194 0.0407262 0
987 0.649056 -7.00754 1.04719 0.446377 -0.0823752 0.0350931 0
988 5.1463 5.33284 -1.41901 -0.109704 -0.251603 -0.310073 0
989 4.69384 1.70482 -6.15738 0.114449 0.0177377 0.331881 0
990 -3.666 -2.81477 7.18786 -0.106409 0.0191341 -0.318464 0
991 -3.06434 -6.35252 -5.04204 -0.368732 0.033573 0.182335 0
992 7.06492 7.66673 -1.18167 0.0541624 -0.0571999 0.125153 0
993 4.75192 -10.1169 -3.51317 -0.0559671 0.101936 -0.34086 0
994 5.91745 9.7774 3.00986 -0.15357 -0.049565 -0.0744914 0
995 5.54393 6.35103 10.4105 -0.110479 0.02643 -0.0153807 0
996 11.5641 -3.40704 -6.83737 0.0889527 0.0361556 -0.207668 0
997 4.8928 14.225 1.75561 0.0783135 0.213165 0.255797 0
998 -12.9383 12.2373 4.1049 -0.103929 -0.035824 -0.102733 0
999 34.6779 6.03322 -0.420966 -0.00232086 -0.108535 0.105252 0
